108
1.0 0.3090169944 0.0 0.7020510711 0.490553428 0.1910251994 
0.8090169944 0.3090169944 0.5877852523 0.7020510711 0.490553428 0.1910251994 
0.8090169944 0.3090169944 -0.5877852523 0.7020510711 0.490553428 0.1910251994 
0.8090169944 0.3090169944 0.5877852523 0.7020510711 0.490553428 0.1910251994 
0.3090169944 0.3090169944 0.9510565163 0.7020510711 0.490553428 0.1910251994 
0.8090169944 0.3090169944 -0.5877852523 0.7020510711 0.490553428 0.1910251994 
0.3090169944 0.3090169944 0.9510565163 0.7020510711 0.490553428 0.1910251994 
-0.3090169944 0.3090169944 0.9510565163 0.7020510711 0.490553428 0.1910251994 
0.8090169944 0.3090169944 -0.5877852523 0.7020510711 0.490553428 0.1910251994 
-0.3090169944 0.3090169944 0.9510565163 0.7020510711 0.490553428 0.1910251994 
-0.8090169944 0.3090169944 0.5877852523 0.7020510711 0.490553428 0.1910251994 
0.8090169944 0.3090169944 -0.5877852523 0.7020510711 0.490553428 0.1910251994 
-0.8090169944 0.3090169944 0.5877852523 0.7020510711 0.490553428 0.1910251994 
-1.0 0.3090169944 0.0 0.7020510711 0.490553428 0.1910251994 
0.8090169944 0.3090169944 -0.5877852523 0.7020510711 0.490553428 0.1910251994 
-1.0 0.3090169944 0.0 0.7020510711 0.490553428 0.1910251994 
-0.8090169944 0.3090169944 -0.5877852523 0.7020510711 0.490553428 0.1910251994 
0.8090169944 0.3090169944 -0.5877852523 0.7020510711 0.490553428 0.1910251994 
-0.8090169944 0.3090169944 -0.5877852523 0.7020510711 0.490553428 0.1910251994 
-0.3090169944 0.3090169944 -0.9510565163 0.7020510711 0.490553428 0.1910251994 
0.8090169944 0.3090169944 -0.5877852523 0.7020510711 0.490553428 0.1910251994 
-0.3090169944 0.3090169944 -0.9510565163 0.7020510711 0.490553428 0.1910251994 
0.3090169944 0.3090169944 -0.9510565163 0.7020510711 0.490553428 0.1910251994 
0.8090169944 0.3090169944 -0.5877852523 0.7020510711 0.490553428 0.1910251994 
1.0 -0.3090169944 0.0 0.3591117219 0.0344253806 0.4502046959 
0.8090169944 -0.3090169944 0.5877852523 0.3591117219 0.0344253806 0.4502046959 
0.8090169944 -0.3090169944 -0.5877852523 0.3591117219 0.0344253806 0.4502046959 
0.8090169944 -0.3090169944 0.5877852523 0.3591117219 0.0344253806 0.4502046959 
0.3090169944 -0.3090169944 0.9510565163 0.3591117219 0.0344253806 0.4502046959 
0.8090169944 -0.3090169944 -0.5877852523 0.3591117219 0.0344253806 0.4502046959 
0.3090169944 -0.3090169944 0.9510565163 0.3591117219 0.0344253806 0.4502046959 
-0.3090169944 -0.3090169944 0.9510565163 0.3591117219 0.0344253806 0.4502046959 
0.8090169944 -0.3090169944 -0.5877852523 0.3591117219 0.0344253806 0.4502046959 
-0.3090169944 -0.3090169944 0.9510565163 0.3591117219 0.0344253806 0.4502046959 
-0.8090169944 -0.3090169944 0.5877852523 0.3591117219 0.0344253806 0.4502046959 
0.8090169944 -0.3090169944 -0.5877852523 0.3591117219 0.0344253806 0.4502046959 
-0.8090169944 -0.3090169944 0.5877852523 0.3591117219 0.0344253806 0.4502046959 
-1.0 -0.3090169944 0.0 0.3591117219 0.0344253806 0.4502046959 
0.8090169944 -0.3090169944 -0.5877852523 0.3591117219 0.0344253806 0.4502046959 
-1.0 -0.3090169944 0.0 0.3591117219 0.0344253806 0.4502046959 
-0.8090169944 -0.3090169944 -0.5877852523 0.3591117219 0.0344253806 0.4502046959 
0.8090169944 -0.3090169944 -0.5877852523 0.3591117219 0.0344253806 0.4502046959 
-0.8090169944 -0.3090169944 -0.5877852523 0.3591117219 0.0344253806 0.4502046959 
-0.3090169944 -0.3090169944 -0.9510565163 0.3591117219 0.0344253806 0.4502046959 
0.8090169944 -0.3090169944 -0.5877852523 0.3591117219 0.0344253806 0.4502046959 
-0.3090169944 -0.3090169944 -0.9510565163 0.3591117219 0.0344253806 0.4502046959 
0.3090169944 -0.3090169944 -0.9510565163 0.3591117219 0.0344253806 0.4502046959 
0.8090169944 -0.3090169944 -0.5877852523 0.3591117219 0.0344253806 0.4502046959 
0.8090169944 0.3090169944 0.5877852523 0.0189320744 0.8222228578 0.6333913739 
1.0 0.3090169944 0.0 0.0189320744 0.8222228578 0.6333913739 
0.8090169944 -0.3090169944 0.5877852523 0.0189320744 0.8222228578 0.6333913739 
1.0 0.3090169944 0.0 0.0189320744 0.8222228578 0.6333913739 
1.0 -0.3090169944 0.0 0.0189320744 0.8222228578 0.6333913739 
0.8090169944 -0.3090169944 0.5877852523 0.0189320744 0.8222228578 0.6333913739 
0.3090169944 0.3090169944 0.9510565163 0.0754313193 0.1354227155 0.7731050752 
0.8090169944 0.3090169944 0.5877852523 0.0754313193 0.1354227155 0.7731050752 
0.3090169944 -0.3090169944 0.9510565163 0.0754313193 0.1354227155 0.7731050752 
0.8090169944 0.3090169944 0.5877852523 0.0754313193 0.1354227155 0.7731050752 
0.8090169944 -0.3090169944 0.5877852523 0.0754313193 0.1354227155 0.7731050752 
0.3090169944 -0.3090169944 0.9510565163 0.0754313193 0.1354227155 0.7731050752 
-0.3090169944 0.3090169944 0.9510565163 0.189947053 0.7414896542 0.4267808553 
0.3090169944 0.3090169944 0.9510565163 0.189947053 0.7414896542 0.4267808553 
-0.3090169944 -0.3090169944 0.9510565163 0.189947053 0.7414896542 0.4267808553 
0.3090169944 0.3090169944 0.9510565163 0.189947053 0.7414896542 0.4267808553 
0.3090169944 -0.3090169944 0.9510565163 0.189947053 0.7414896542 0.4267808553 
-0.3090169944 -0.3090169944 0.9510565163 0.189947053 0.7414896542 0.4267808553 
-0.8090169944 0.3090169944 0.5877852523 0.9448578275 0.6130918463 0.727763938 
-0.3090169944 0.3090169944 0.9510565163 0.9448578275 0.6130918463 0.727763938 
-0.8090169944 -0.3090169944 0.5877852523 0.9448578275 0.6130918463 0.727763938 
-0.3090169944 0.3090169944 0.9510565163 0.9448578275 0.6130918463 0.727763938 
-0.3090169944 -0.3090169944 0.9510565163 0.9448578275 0.6130918463 0.727763938 
-0.8090169944 -0.3090169944 0.5877852523 0.9448578275 0.6130918463 0.727763938 
-1.0 0.3090169944 0.0 0.4960205962 0.2094120221 0.9511945707 
-0.8090169944 0.3090169944 0.5877852523 0.4960205962 0.2094120221 0.9511945707 
-1.0 -0.3090169944 0.0 0.4960205962 0.2094120221 0.9511945707 
-0.8090169944 0.3090169944 0.5877852523 0.4960205962 0.2094120221 0.9511945707 
-0.8090169944 -0.3090169944 0.5877852523 0.4960205962 0.2094120221 0.9511945707 
-1.0 -0.3090169944 0.0 0.4960205962 0.2094120221 0.9511945707 
-1.0 -0.3090169944 0.0 0.2268562707 0.0162719659 0.3806269603 
-0.8090169944 -0.3090169944 -0.5877852523 0.2268562707 0.0162719659 0.3806269603 
-1.0 0.3090169944 0.0 0.2268562707 0.0162719659 0.3806269603 
-0.8090169944 -0.3090169944 -0.5877852523 0.2268562707 0.0162719659 0.3806269603 
-0.8090169944 0.3090169944 -0.5877852523 0.2268562707 0.0162719659 0.3806269603 
-1.0 0.3090169944 0.0 0.2268562707 0.0162719659 0.3806269603 
-0.3090169944 0.3090169944 -0.9510565163 0.2526386357 0.5950505519 0.2037133764 
-0.8090169944 0.3090169944 -0.5877852523 0.2526386357 0.5950505519 0.2037133764 
-0.3090169944 -0.3090169944 -0.9510565163 0.2526386357 0.5950505519 0.2037133764 
-0.8090169944 0.3090169944 -0.5877852523 0.2526386357 0.5950505519 0.2037133764 
-0.8090169944 -0.3090169944 -0.5877852523 0.2526386357 0.5950505519 0.2037133764 
-0.3090169944 -0.3090169944 -0.9510565163 0.2526386357 0.5950505519 0.2037133764 
0.3090169944 0.3090169944 -0.9510565163 0.1075511299 0.2558493786 0.1126814545 
-0.3090169944 0.3090169944 -0.9510565163 0.1075511299 0.2558493786 0.1126814545 
0.3090169944 -0.3090169944 -0.9510565163 0.1075511299 0.2558493786 0.1126814545 
-0.3090169944 0.3090169944 -0.9510565163 0.1075511299 0.2558493786 0.1126814545 
-0.3090169944 -0.3090169944 -0.9510565163 0.1075511299 0.2558493786 0.1126814545 
0.3090169944 -0.3090169944 -0.9510565163 0.1075511299 0.2558493786 0.1126814545 
0.8090169944 0.3090169944 -0.5877852523 0.038067623 0.3148161273 0.7862178695 
0.3090169944 0.3090169944 -0.9510565163 0.038067623 0.3148161273 0.7862178695 
0.8090169944 -0.3090169944 -0.5877852523 0.038067623 0.3148161273 0.7862178695 
0.3090169944 0.3090169944 -0.9510565163 0.038067623 0.3148161273 0.7862178695 
0.3090169944 -0.3090169944 -0.9510565163 0.038067623 0.3148161273 0.7862178695 
0.8090169944 -0.3090169944 -0.5877852523 0.038067623 0.3148161273 0.7862178695 
1.0 0.3090169944 0.0 0.888831764 0.2723008974 0.7430221938 
0.8090169944 0.3090169944 -0.5877852523 0.888831764 0.2723008974 0.7430221938 
1.0 -0.3090169944 0.0 0.888831764 0.2723008974 0.7430221938 
0.8090169944 0.3090169944 -0.5877852523 0.888831764 0.2723008974 0.7430221938 
0.8090169944 -0.3090169944 -0.5877852523 0.888831764 0.2723008974 0.7430221938 
1.0 -0.3090169944 0.0 0.888831764 0.2723008974 0.7430221938 
