36
0.0 0.4 0.0 0.8405570726 0.8975680647 0.480176866 
-0.3 0.0 -0.3 0.8405570726 0.8975680647 0.480176866 
0.1098076211 0.0 -0.4098076211 0.8405570726 0.8975680647 0.480176866 
0.0 0.4 0.0 0.7416079887 0.6592074154 0.2761049207 
0.1098076211 0.0 -0.4098076211 0.7416079887 0.6592074154 0.2761049207 
0.4098076211 0.0 -0.1098076211 0.7416079887 0.6592074154 0.2761049207 
0.0 0.4 0.0 0.6708665592 0.3930588077 0.7858769604 
0.4098076211 0.0 -0.1098076211 0.6708665592 0.3930588077 0.7858769604 
0.3 0.0 0.3 0.6708665592 0.3930588077 0.7858769604 
0.0 0.4 0.0 0.9025367646 0.5032800283 0.951055811 
0.3 0.0 0.3 0.9025367646 0.5032800283 0.951055811 
-0.1098076211 0.0 0.4098076211 0.9025367646 0.5032800283 0.951055811 
0.0 0.4 0.0 0.7328524537 0.0822067474 0.4666065909 
-0.1098076211 0.0 0.4098076211 0.7328524537 0.0822067474 0.4666065909 
-0.4098076211 0.0 0.1098076211 0.7328524537 0.0822067474 0.4666065909 
0.0 0.4 0.0 0.9922460447 0.1364475428 0.6438852375 
-0.4098076211 0.0 0.1098076211 0.9922460447 0.1364475428 0.6438852375 
-0.3 0.0 -0.3 0.9922460447 0.1364475428 0.6438852375 
0.0 -0.4 0.0 0.3883309485 0.2482317325 0.0172153825 
-0.3 0.0 -0.3 0.3883309485 0.2482317325 0.0172153825 
0.1098076211 0.0 -0.4098076211 0.3883309485 0.2482317325 0.0172153825 
0.0 -0.4 0.0 0.1435655618 0.8798431558 0.9722810635 
0.1098076211 0.0 -0.4098076211 0.1435655618 0.8798431558 0.9722810635 
0.4098076211 0.0 -0.1098076211 0.1435655618 0.8798431558 0.9722810635 
0.0 -0.4 0.0 0.2772548655 0.4660226101 0.135735324 
0.4098076211 0.0 -0.1098076211 0.2772548655 0.4660226101 0.135735324 
0.3 0.0 0.3 0.2772548655 0.4660226101 0.135735324 
0.0 -0.4 0.0 0.4556453335 0.3054713378 0.1826456463 
0.3 0.0 0.3 0.4556453335 0.3054713378 0.1826456463 
-0.1098076211 0.0 0.4098076211 0.4556453335 0.3054713378 0.1826456463 
0.0 -0.4 0.0 0.6220753064 0.0456032206 0.9875247983 
-0.1098076211 0.0 0.4098076211 0.6220753064 0.0456032206 0.9875247983 
-0.4098076211 0.0 0.1098076211 0.6220753064 0.0456032206 0.9875247983 
0.0 -0.4 0.0 0.7667807395 0.7511386993 0.8193770879 
-0.4098076211 0.0 0.1098076211 0.7667807395 0.7511386993 0.8193770879 
-0.3 0.0 -0.3 0.7667807395 0.7511386993 0.8193770879 
