66
0.0 0.5 0.0 0.3763420575 0.4314554076 0.757075612 
-0.3 0.0 -0.3 0.3763420575 0.4314554076 0.757075612 
-0.0901838146 0.0 -0.4145683051 0.3763420575 0.4314554076 0.757075612 
0.0 0.5 0.0 0.2104988219 0.0587387708 0.3657998981 
-0.0901838146 0.0 -0.4145683051 0.2104988219 0.0587387708 0.3657998981 
0.1482650947 0.0 -0.3975141025 0.2104988219 0.0587387708 0.3657998981 
0.0 0.5 0.0 0.2758970061 0.340954669 0.8476188221 
0.1482650947 0.0 -0.3975141025 0.2758970061 0.340954669 0.8476188221 
0.339640884 0.0 -0.2542519811 0.2758970061 0.340954669 0.8476188221 
0.0 0.5 0.0 0.7714626135 0.9800950215 0.6205238314 
0.339640884 0.0 -0.2542519811 0.7714626135 0.9800950215 0.6205238314 
0.4231830925 0.0 -0.0302666521 0.7714626135 0.9800950215 0.6205238314 
0.0 0.5 0.0 0.9565796636 0.9092285525 0.4531264389 
0.4231830925 0.0 -0.0302666521 0.9565796636 0.9092285525 0.4531264389 
0.3723676591 0.0 0.203328125 0.9565796636 0.9092285525 0.4531264389 
0.0 0.5 0.0 0.4674253568 0.6714953353 0.437053896 
0.3723676591 0.0 0.203328125 0.4674253568 0.6714953353 0.437053896 
0.203328125 0.0 0.3723676591 0.4674253568 0.6714953353 0.437053896 
0.0 0.5 0.0 0.8551617803 0.5859827618 0.3246635373 
0.203328125 0.0 0.3723676591 0.8551617803 0.5859827618 0.3246635373 
-0.0302666521 0.0 0.4231830925 0.8551617803 0.5859827618 0.3246635373 
0.0 0.5 0.0 0.5463914163 0.9487994528 0.6589245176 
-0.0302666521 0.0 0.4231830925 0.5463914163 0.9487994528 0.6589245176 
-0.2542519811 0.0 0.339640884 0.5463914163 0.9487994528 0.6589245176 
0.0 0.5 0.0 0.6510127915 0.6788687306 0.1142693626 
-0.2542519811 0.0 0.339640884 0.6510127915 0.6788687306 0.1142693626 
-0.3975141025 0.0 0.1482650947 0.6510127915 0.6788687306 0.1142693626 
0.0 0.5 0.0 0.6052583106 0.0040981502 0.0252746408 
-0.3975141025 0.0 0.1482650947 0.6052583106 0.0040981502 0.0252746408 
-0.4145683051 0.0 -0.0901838146 0.6052583106 0.0040981502 0.0252746408 
0.0 0.5 0.0 0.967193733 0.2168231502 0.4258681972 
-0.4145683051 0.0 -0.0901838146 0.967193733 0.2168231502 0.4258681972 
-0.3 0.0 -0.3 0.967193733 0.2168231502 0.4258681972 
0 0 0 0.1294388636 0.4862650195 0.3153403418 
-0.3 0.0 -0.3 0.1294388636 0.4862650195 0.3153403418 
-0.0901838146 0.0 -0.4145683051 0.1294388636 0.4862650195 0.3153403418 
0 0 0 0.1294388636 0.4862650195 0.3153403418 
-0.0901838146 0.0 -0.4145683051 0.1294388636 0.4862650195 0.3153403418 
0.1482650947 0.0 -0.3975141025 0.1294388636 0.4862650195 0.3153403418 
0 0 0 0.1294388636 0.4862650195 0.3153403418 
0.1482650947 0.0 -0.3975141025 0.1294388636 0.4862650195 0.3153403418 
0.339640884 0.0 -0.2542519811 0.1294388636 0.4862650195 0.3153403418 
0 0 0 0.1294388636 0.4862650195 0.3153403418 
0.339640884 0.0 -0.2542519811 0.1294388636 0.4862650195 0.3153403418 
0.4231830925 0.0 -0.0302666521 0.1294388636 0.4862650195 0.3153403418 
0 0 0 0.1294388636 0.4862650195 0.3153403418 
0.4231830925 0.0 -0.0302666521 0.1294388636 0.4862650195 0.3153403418 
0.3723676591 0.0 0.203328125 0.1294388636 0.4862650195 0.3153403418 
0 0 0 0.1294388636 0.4862650195 0.3153403418 
0.3723676591 0.0 0.203328125 0.1294388636 0.4862650195 0.3153403418 
0.203328125 0.0 0.3723676591 0.1294388636 0.4862650195 0.3153403418 
0 0 0 0.1294388636 0.4862650195 0.3153403418 
0.203328125 0.0 0.3723676591 0.1294388636 0.4862650195 0.3153403418 
-0.0302666521 0.0 0.4231830925 0.1294388636 0.4862650195 0.3153403418 
0 0 0 0.1294388636 0.4862650195 0.3153403418 
-0.0302666521 0.0 0.4231830925 0.1294388636 0.4862650195 0.3153403418 
-0.2542519811 0.0 0.339640884 0.1294388636 0.4862650195 0.3153403418 
0 0 0 0.1294388636 0.4862650195 0.3153403418 
-0.2542519811 0.0 0.339640884 0.1294388636 0.4862650195 0.3153403418 
-0.3975141025 0.0 0.1482650947 0.1294388636 0.4862650195 0.3153403418 
0 0 0 0.1294388636 0.4862650195 0.3153403418 
-0.3975141025 0.0 0.1482650947 0.1294388636 0.4862650195 0.3153403418 
-0.4145683051 0.0 -0.0901838146 0.1294388636 0.4862650195 0.3153403418 
0 0 0 0.1294388636 0.4862650195 0.3153403418 
-0.4145683051 0.0 -0.0901838146 0.1294388636 0.4862650195 0.3153403418 
-0.3 0.0 -0.3 0.1294388636 0.4862650195 0.3153403418 
