33
0.0 0.5 0.0 0.8494592615 0.4443058174 0.4182836828 
-0.3 0.0 -0.3 0.8494592615 0.4443058174 0.4182836828 
-0.0901838146 0.0 -0.4145683051 0.8494592615 0.4443058174 0.4182836828 
0.0 0.5 0.0 0.7831251991 0.9601855659 0.4171564848 
-0.0901838146 0.0 -0.4145683051 0.7831251991 0.9601855659 0.4171564848 
0.1482650947 0.0 -0.3975141025 0.7831251991 0.9601855659 0.4171564848 
0.0 0.5 0.0 0.6211761002 0.5821887824 0.3705110295 
0.1482650947 0.0 -0.3975141025 0.6211761002 0.5821887824 0.3705110295 
0.339640884 0.0 -0.2542519811 0.6211761002 0.5821887824 0.3705110295 
0.0 0.5 0.0 0.7052156264 0.8297680347 0.9951256241 
0.339640884 0.0 -0.2542519811 0.7052156264 0.8297680347 0.9951256241 
0.4231830925 0.0 -0.0302666521 0.7052156264 0.8297680347 0.9951256241 
0.0 0.5 0.0 0.7297433863 0.2451770494 0.9967326369 
0.4231830925 0.0 -0.0302666521 0.7297433863 0.2451770494 0.9967326369 
0.3723676591 0.0 0.203328125 0.7297433863 0.2451770494 0.9967326369 
0.0 0.5 0.0 0.2121724502 0.6323282665 0.1524045538 
0.3723676591 0.0 0.203328125 0.2121724502 0.6323282665 0.1524045538 
0.203328125 0.0 0.3723676591 0.2121724502 0.6323282665 0.1524045538 
0.0 0.5 0.0 0.713759159 0.786611842 0.0517620823 
0.203328125 0.0 0.3723676591 0.713759159 0.786611842 0.0517620823 
-0.0302666521 0.0 0.4231830925 0.713759159 0.786611842 0.0517620823 
0.0 0.5 0.0 0.3419765801 0.9217110462 0.2671089639 
-0.0302666521 0.0 0.4231830925 0.3419765801 0.9217110462 0.2671089639 
-0.2542519811 0.0 0.339640884 0.3419765801 0.9217110462 0.2671089639 
0.0 0.5 0.0 0.3113592294 0.8532600266 0.7079662743 
-0.2542519811 0.0 0.339640884 0.3113592294 0.8532600266 0.7079662743 
-0.3975141025 0.0 0.1482650947 0.3113592294 0.8532600266 0.7079662743 
0.0 0.5 0.0 0.7345547742 0.0516208748 0.7366129863 
-0.3975141025 0.0 0.1482650947 0.7345547742 0.0516208748 0.7366129863 
-0.4145683051 0.0 -0.0901838146 0.7345547742 0.0516208748 0.7366129863 
0.0 0.5 0.0 0.4768506874 0.6866932914 0.5923344238 
-0.4145683051 0.0 -0.0901838146 0.4768506874 0.6866932914 0.5923344238 
-0.3 0.0 -0.3 0.4768506874 0.6866932914 0.5923344238 
