108
1.0 0.3090169944 0.0 0.4177915122 0.152654118 0.3821366562  0.5 1.0
0.8090169944 0.3090169944 0.5877852523 0.4177915122 0.152654118 0.3821366562  0.0 1.0
0.8090169944 0.3090169944 -0.5877852523 0.4177915122 0.152654118 0.3821366562  1.0 0.0
0.8090169944 0.3090169944 0.5877852523 0.4177915122 0.152654118 0.3821366562  0.5 1.0
0.3090169944 0.3090169944 0.9510565163 0.4177915122 0.152654118 0.3821366562  0.0 1.0
0.8090169944 0.3090169944 -0.5877852523 0.4177915122 0.152654118 0.3821366562  1.0 0.0
0.3090169944 0.3090169944 0.9510565163 0.4177915122 0.152654118 0.3821366562  0.5 1.0
-0.3090169944 0.3090169944 0.9510565163 0.4177915122 0.152654118 0.3821366562  0.0 1.0
0.8090169944 0.3090169944 -0.5877852523 0.4177915122 0.152654118 0.3821366562  1.0 0.0
-0.3090169944 0.3090169944 0.9510565163 0.4177915122 0.152654118 0.3821366562  0.5 1.0
-0.8090169944 0.3090169944 0.5877852523 0.4177915122 0.152654118 0.3821366562  0.0 1.0
0.8090169944 0.3090169944 -0.5877852523 0.4177915122 0.152654118 0.3821366562  1.0 0.0
-0.8090169944 0.3090169944 0.5877852523 0.4177915122 0.152654118 0.3821366562  0.5 1.0
-1.0 0.3090169944 0.0 0.4177915122 0.152654118 0.3821366562  0.0 1.0
0.8090169944 0.3090169944 -0.5877852523 0.4177915122 0.152654118 0.3821366562  1.0 0.0
-1.0 0.3090169944 0.0 0.4177915122 0.152654118 0.3821366562  0.5 1.0
-0.8090169944 0.3090169944 -0.5877852523 0.4177915122 0.152654118 0.3821366562  0.0 1.0
0.8090169944 0.3090169944 -0.5877852523 0.4177915122 0.152654118 0.3821366562  1.0 0.0
-0.8090169944 0.3090169944 -0.5877852523 0.4177915122 0.152654118 0.3821366562  0.5 1.0
-0.3090169944 0.3090169944 -0.9510565163 0.4177915122 0.152654118 0.3821366562  0.0 1.0
0.8090169944 0.3090169944 -0.5877852523 0.4177915122 0.152654118 0.3821366562  1.0 0.0
-0.3090169944 0.3090169944 -0.9510565163 0.4177915122 0.152654118 0.3821366562  0.5 1.0
0.3090169944 0.3090169944 -0.9510565163 0.4177915122 0.152654118 0.3821366562  0.0 1.0
0.8090169944 0.3090169944 -0.5877852523 0.4177915122 0.152654118 0.3821366562  1.0 0.0
1.0 -0.3090169944 0.0 0.1261802957 0.6586836719 0.4940198035  0.5 1.0
0.8090169944 -0.3090169944 0.5877852523 0.1261802957 0.6586836719 0.4940198035  0.0 1.0
0.8090169944 -0.3090169944 -0.5877852523 0.1261802957 0.6586836719 0.4940198035  1.0 0.0
0.8090169944 -0.3090169944 0.5877852523 0.1261802957 0.6586836719 0.4940198035  0.5 1.0
0.3090169944 -0.3090169944 0.9510565163 0.1261802957 0.6586836719 0.4940198035  0.0 1.0
0.8090169944 -0.3090169944 -0.5877852523 0.1261802957 0.6586836719 0.4940198035  1.0 0.0
0.3090169944 -0.3090169944 0.9510565163 0.1261802957 0.6586836719 0.4940198035  0.5 1.0
-0.3090169944 -0.3090169944 0.9510565163 0.1261802957 0.6586836719 0.4940198035  0.0 1.0
0.8090169944 -0.3090169944 -0.5877852523 0.1261802957 0.6586836719 0.4940198035  1.0 0.0
-0.3090169944 -0.3090169944 0.9510565163 0.1261802957 0.6586836719 0.4940198035  0.5 1.0
-0.8090169944 -0.3090169944 0.5877852523 0.1261802957 0.6586836719 0.4940198035  0.0 1.0
0.8090169944 -0.3090169944 -0.5877852523 0.1261802957 0.6586836719 0.4940198035  1.0 0.0
-0.8090169944 -0.3090169944 0.5877852523 0.1261802957 0.6586836719 0.4940198035  0.5 1.0
-1.0 -0.3090169944 0.0 0.1261802957 0.6586836719 0.4940198035  0.0 1.0
0.8090169944 -0.3090169944 -0.5877852523 0.1261802957 0.6586836719 0.4940198035  1.0 0.0
-1.0 -0.3090169944 0.0 0.1261802957 0.6586836719 0.4940198035  0.5 1.0
-0.8090169944 -0.3090169944 -0.5877852523 0.1261802957 0.6586836719 0.4940198035  0.0 1.0
0.8090169944 -0.3090169944 -0.5877852523 0.1261802957 0.6586836719 0.4940198035  1.0 0.0
-0.8090169944 -0.3090169944 -0.5877852523 0.1261802957 0.6586836719 0.4940198035  0.5 1.0
-0.3090169944 -0.3090169944 -0.9510565163 0.1261802957 0.6586836719 0.4940198035  0.0 1.0
0.8090169944 -0.3090169944 -0.5877852523 0.1261802957 0.6586836719 0.4940198035  1.0 0.0
-0.3090169944 -0.3090169944 -0.9510565163 0.1261802957 0.6586836719 0.4940198035  0.5 1.0
0.3090169944 -0.3090169944 -0.9510565163 0.1261802957 0.6586836719 0.4940198035  0.0 1.0
0.8090169944 -0.3090169944 -0.5877852523 0.1261802957 0.6586836719 0.4940198035  1.0 0.0
0.8090169944 0.3090169944 0.5877852523 0.6370212826 0.5991104167 0.9488389582  0.5 1.0
1.0 0.3090169944 0.0 0.6370212826 0.5991104167 0.9488389582  0.0 1.0
0.8090169944 -0.3090169944 0.5877852523 0.6370212826 0.5991104167 0.9488389582  1.0 0.0
1.0 0.3090169944 0.0 0.6370212826 0.5991104167 0.9488389582  0.5 1.0
1.0 -0.3090169944 0.0 0.6370212826 0.5991104167 0.9488389582  0.0 1.0
0.8090169944 -0.3090169944 0.5877852523 0.6370212826 0.5991104167 0.9488389582  1.0 0.0
0.3090169944 0.3090169944 0.9510565163 0.1449708597 0.0537971808 0.4298019091  0.5 1.0
0.8090169944 0.3090169944 0.5877852523 0.1449708597 0.0537971808 0.4298019091  0.0 1.0
0.3090169944 -0.3090169944 0.9510565163 0.1449708597 0.0537971808 0.4298019091  1.0 0.0
0.8090169944 0.3090169944 0.5877852523 0.1449708597 0.0537971808 0.4298019091  0.5 1.0
0.8090169944 -0.3090169944 0.5877852523 0.1449708597 0.0537971808 0.4298019091  0.0 1.0
0.3090169944 -0.3090169944 0.9510565163 0.1449708597 0.0537971808 0.4298019091  1.0 0.0
-0.3090169944 0.3090169944 0.9510565163 0.1544091306 0.3176451087 0.5621633664  0.5 1.0
0.3090169944 0.3090169944 0.9510565163 0.1544091306 0.3176451087 0.5621633664  0.0 1.0
-0.3090169944 -0.3090169944 0.9510565163 0.1544091306 0.3176451087 0.5621633664  1.0 0.0
0.3090169944 0.3090169944 0.9510565163 0.1544091306 0.3176451087 0.5621633664  0.5 1.0
0.3090169944 -0.3090169944 0.9510565163 0.1544091306 0.3176451087 0.5621633664  0.0 1.0
-0.3090169944 -0.3090169944 0.9510565163 0.1544091306 0.3176451087 0.5621633664  1.0 0.0
-0.8090169944 0.3090169944 0.5877852523 0.0160137676 0.8180414954 0.6011113291  0.5 1.0
-0.3090169944 0.3090169944 0.9510565163 0.0160137676 0.8180414954 0.6011113291  0.0 1.0
-0.8090169944 -0.3090169944 0.5877852523 0.0160137676 0.8180414954 0.6011113291  1.0 0.0
-0.3090169944 0.3090169944 0.9510565163 0.0160137676 0.8180414954 0.6011113291  0.5 1.0
-0.3090169944 -0.3090169944 0.9510565163 0.0160137676 0.8180414954 0.6011113291  0.0 1.0
-0.8090169944 -0.3090169944 0.5877852523 0.0160137676 0.8180414954 0.6011113291  1.0 0.0
-1.0 0.3090169944 0.0 0.0785892851 0.7002721735 0.7173382965  0.5 1.0
-0.8090169944 0.3090169944 0.5877852523 0.0785892851 0.7002721735 0.7173382965  0.0 1.0
-1.0 -0.3090169944 0.0 0.0785892851 0.7002721735 0.7173382965  1.0 0.0
-0.8090169944 0.3090169944 0.5877852523 0.0785892851 0.7002721735 0.7173382965  0.5 1.0
-0.8090169944 -0.3090169944 0.5877852523 0.0785892851 0.7002721735 0.7173382965  0.0 1.0
-1.0 -0.3090169944 0.0 0.0785892851 0.7002721735 0.7173382965  1.0 0.0
-1.0 -0.3090169944 0.0 0.9663044867 0.6151976283 0.4756886784  0.5 1.0
-0.8090169944 -0.3090169944 -0.5877852523 0.9663044867 0.6151976283 0.4756886784  0.0 1.0
-1.0 0.3090169944 0.0 0.9663044867 0.6151976283 0.4756886784  1.0 0.0
-0.8090169944 -0.3090169944 -0.5877852523 0.9663044867 0.6151976283 0.4756886784  0.5 1.0
-0.8090169944 0.3090169944 -0.5877852523 0.9663044867 0.6151976283 0.4756886784  0.0 1.0
-1.0 0.3090169944 0.0 0.9663044867 0.6151976283 0.4756886784  1.0 0.0
-0.3090169944 0.3090169944 -0.9510565163 0.8602485179 0.0314235944 0.5603582421  0.5 1.0
-0.8090169944 0.3090169944 -0.5877852523 0.8602485179 0.0314235944 0.5603582421  0.0 1.0
-0.3090169944 -0.3090169944 -0.9510565163 0.8602485179 0.0314235944 0.5603582421  1.0 0.0
-0.8090169944 0.3090169944 -0.5877852523 0.8602485179 0.0314235944 0.5603582421  0.5 1.0
-0.8090169944 -0.3090169944 -0.5877852523 0.8602485179 0.0314235944 0.5603582421  0.0 1.0
-0.3090169944 -0.3090169944 -0.9510565163 0.8602485179 0.0314235944 0.5603582421  1.0 0.0
0.3090169944 0.3090169944 -0.9510565163 0.8020123935 0.2846815799 0.3487722089  0.5 1.0
-0.3090169944 0.3090169944 -0.9510565163 0.8020123935 0.2846815799 0.3487722089  0.0 1.0
0.3090169944 -0.3090169944 -0.9510565163 0.8020123935 0.2846815799 0.3487722089  1.0 0.0
-0.3090169944 0.3090169944 -0.9510565163 0.8020123935 0.2846815799 0.3487722089  0.5 1.0
-0.3090169944 -0.3090169944 -0.9510565163 0.8020123935 0.2846815799 0.3487722089  0.0 1.0
0.3090169944 -0.3090169944 -0.9510565163 0.8020123935 0.2846815799 0.3487722089  1.0 0.0
0.8090169944 0.3090169944 -0.5877852523 0.3474856096 0.9115972717 0.6175764204  0.5 1.0
0.3090169944 0.3090169944 -0.9510565163 0.3474856096 0.9115972717 0.6175764204  0.0 1.0
0.8090169944 -0.3090169944 -0.5877852523 0.3474856096 0.9115972717 0.6175764204  1.0 0.0
0.3090169944 0.3090169944 -0.9510565163 0.3474856096 0.9115972717 0.6175764204  0.5 1.0
0.3090169944 -0.3090169944 -0.9510565163 0.3474856096 0.9115972717 0.6175764204  0.0 1.0
0.8090169944 -0.3090169944 -0.5877852523 0.3474856096 0.9115972717 0.6175764204  1.0 0.0
1.0 0.3090169944 0.0 0.2667987073 0.8607324212 0.4671137342  0.5 1.0
0.8090169944 0.3090169944 -0.5877852523 0.2667987073 0.8607324212 0.4671137342  0.0 1.0
1.0 -0.3090169944 0.0 0.2667987073 0.8607324212 0.4671137342  1.0 0.0
0.8090169944 0.3090169944 -0.5877852523 0.2667987073 0.8607324212 0.4671137342  0.5 1.0
0.8090169944 -0.3090169944 -0.5877852523 0.2667987073 0.8607324212 0.4671137342  0.0 1.0
1.0 -0.3090169944 0.0 0.2667987073 0.8607324212 0.4671137342  1.0 0.0
